[{"R":[[1,0,0],[0,1,0],[0,0,1]],"t":[0,0,0]},{"R":[[0.01421818626532656,0.44379972461816,-0.8960131961127413],[-0.42983278954113724,0.8117939912095551,0.39526483384098965],[0.9027965530586661,0.37951590251912515,0.20230191180630253]],"t":[1.850265613400163,-0.8667440381823508,1.9437426599795702]},{"R":[[-0.9992759353037287,0.02095224490405026,-0.03175859814820649],[-0.01197670477908739,0.6190553177821919,0.7852560550980963],[0.036113206247758586,0.785067842265285,-0.6183561428298717]],"t":[-0.494960331984779,-1.7203192667285412,3.4712610887941886]},{"R":[[0.0075186191485236975,-0.42769075766771353,0.9038938467384967],[0.37752607377489894,0.838238541200099,0.39348470321835904],[-0.9259684303399385,0.33828503344420613,0.1677668088790012]],"t":[-2.321139450950813,-0.5581384537648224,1.6973289560889528]}]


[[0.9993845645668898,-0.034126112728687076,0.008117914478296356,-0.2858300021624597],[0.03412611272868707,0.8923050369162002,-0.45014123286365115,1.7624530813892334],[-0.008117914478296354,-0.45014123286365115,-0.8929204723493102,1.9332169011765032],[0,0,0,1]]